6 0.3115234375 0.29296875 0.580078125 0.5859375
2 0.541015625 0.279296875 0.419921875 0.46875
2 0.66796875 0.2509765625 0.37109375 0.501953125
7 0.3896484375 0.142578125 0.2607421875 0.2841796875
7 0.4599609375 0.435546875 0.2421875 0.0634765625
7 0.7001953125 0.4580078125 0.2255859375 0.0478515625
5 0.44921875 0.8037109375 0.8955078125 0.392578125
0 0.71875 0.958984375 0.1982421875 0.08203125
0 0.701171875 0.783203125 0.1455078125 0.1162109375
5 0.3779296875 0.513671875 0.755859375 0.5146484375
5 0.4345703125 0.576171875 0.685546875 0.1708984375