1 0.591796875 0.517578125 0.4091796875 0.96484375
7 0.248046875 0.5986328125 0.49609375 0.802734375
7 0.25390625 0.4189453125 0.431640625 0.3095703125
7 0.2578125 0.5166015625 0.333984375 0.3427734375
7 0.2880859375 0.4912109375 0.341796875 0.216796875
7 0.337890625 0.23046875 0.2763671875 0.0478515625
7 0.83984375 0.26953125 0.3203125 0.1484375
7 0.7275390625 0.158203125 0.1455078125 0.06640625
7 0.8369140625 0.1796875 0.3251953125 0.1337890625
7 0.9453125 0.19140625 0.109375 0.0625
7 0.6513671875 0.02734375 0.697265625 0.0498046875