1 0.2080078125 0.2705078125 0.4150390625 0.4794921875
1 0.5791015625 0.533203125 0.69921875 0.7236328125
6 0.9267578125 0.154296875 0.1455078125 0.30859375
7 0.0966796875 0.1611328125 0.0546875 0.166015625
7 0.1376953125 0.1376953125 0.0751953125 0.2099609375
7 0.2353515625 0.150390625 0.1162109375 0.236328125
7 0.3056640625 0.3115234375 0.2880859375 0.3369140625
7 0.6376953125 0.1728515625 0.681640625 0.345703125
7 0.4189453125 0.1103515625 0.8369140625 0.0859375
7 0.609375 0.1103515625 0.1982421875 0.0830078125
7 0.384765625 0.0205078125 0.3515625 0.0361328125
7 0.041015625 0.201171875 0.05859375 0.033203125