1 0.4951171875 0.52734375 0.7998046875 0.9443359375
7 0.08984375 0.1552734375 0.1796875 0.1376953125
7 0.1728515625 0.2890625 0.3447265625 0.1455078125
7 0.4345703125 0.3115234375 0.8681640625 0.619140625
7 0.1318359375 0.3935546875 0.259765625 0.203125
7 0.1982421875 0.369140625 0.1162109375 0.3681640625
7 0.3505859375 0.392578125 0.4169921875 0.419921875
7 0.4189453125 0.6328125 0.22265625 0.5478515625
7 0.609375 0.2333984375 0.78125 0.185546875
7 0.5732421875 0.0673828125 0.853515625 0.0966796875
7 0.4404296875 0.3369140625 0.2255859375 0.423828125