7 0.09375 0.1162109375 0.1875 0.23046875
7 0.357421875 0.1630859375 0.7138671875 0.060546875
7 0.693359375 0.123046875 0.61328125 0.0517578125
7 0.1875 0.40625 0.3720703125 0.6865234375
7 0.201171875 0.345703125 0.392578125 0.548828125
7 0.873046875 0.4794921875 0.1357421875 0.95703125
7 0.671875 0.27734375 0.65625 0.5546875
7 0.3232421875 0.4638671875 0.646484375 0.919921875
7 0.462890625 0.2529296875 0.5625 0.5048828125
7 0.55078125 0.513671875 0.8984375 0.375
7 0.4716796875 0.501953125 0.1630859375 0.99609375