7 0.6650390625 0.02734375 0.669921875 0.0546875
7 0.12890625 0.3017578125 0.2578125 0.0849609375
7 0.55859375 0.2646484375 0.8828125 0.3818359375
7 0.544921875 0.3125 0.8447265625 0.3408203125
7 0.25 0.5869140625 0.275390625 0.8251953125
7 0.21875 0.908203125 0.4287109375 0.0654296875
7 0.7099609375 0.3564453125 0.580078125 0.208984375
7 0.6015625 0.1982421875 0.796875 0.263671875
7 0.685546875 0.2529296875 0.62890625 0.087890625
7 0.8310546875 0.5087890625 0.146484375 0.685546875
7 0.64453125 0.8056640625 0.7109375 0.162109375