1 0.2294921875 0.4306640625 0.458984375 0.447265625
1 0.7158203125 0.3154296875 0.568359375 0.21484375
6 0.6796875 0.642578125 0.265625 0.2978515625
7 0.1943359375 0.291015625 0.388671875 0.1455078125
7 0.302734375 0.1240234375 0.60546875 0.115234375
7 0.603515625 0.150390625 0.5439453125 0.1416015625
7 0.4580078125 0.44921875 0.5537109375 0.6923828125
7 0.798828125 0.158203125 0.40234375 0.0546875
7 0.3515625 0.0849609375 0.537109375 0.126953125
7 0.259765625 0.041015625 0.517578125 0.08203125
7 0.5595703125 0.3212890625 0.5048828125 0.3642578125